

////////// vrp_101_10_1:761.345
1: 0 3 7 70 1 8 14 73 9 11 4 10 
2: 13 0 100 35 2 39 90 91 99 76 5 
3: 0 69 67 72 86 47 88 94 
4: 0 92 96 97 87 49 84 89 
5: 0 50 85 93 95 
6: 0 51 43 36 41 48 53 52 42 38 
7: 0 71 37 46 45 40 44 75 
8: 0 74 77 98 68 54 63 66 32 18 31 
9: 0 22 15 17 26 30 34 33 23 16 25 
10: 0 29 81 58 27 24 28 19 20 21 82 80 83 
79 78 62 65 64 55 60 56 61 59 57 


////////// vrp_101_11_3:2645.32
1: 0 4 1 100 5 53 52 7 8 54 3 50 
2: 0 56 63 2 57 60 61 9 55 64 51 46 59 6 62 
3: 0 44 37 43 17 40 19 11 
4: 0 35 47 49 
5: 94 93 95 98 0 
6: 0 74 97 96 79 76 99 
7: 0 10 71 80 72 73 58 75 77 
8: 0 78 
9: 21 26 69 12 13 
10: 0 67 68 70 65 66 90 87 22 24 92 14 25 86 89 88 
27 16 20 18 15 81 85 82 84 83 38 41 48 45 33 
42 34 39 32 30 31 36 28 29 91 


////////// vrp_101_11_4:1720.84
1: 0 27 1 69 50 76 70 31 30 
2: 0 53 28 26 40 12 77 58 
3: 80 68 3 79 24 29 
4: 0 33 81 51 78 34 9 35 20 
5: 0 10 66 71 65 32 90 
6: 0 88 63 11 62 64 49 19 7 
7: 0 18 48 82 47 8 46 36 
8: 0 89 83 60 84 5 45 99 96 6 17 
9: 0 93 16 61 91 85 98 
10: 0 97 100 37 92 59 44 14 42 
11: 0 13 95 94 87 57 2 
12: 0 52 21 73 72 74 86 
13: 0 4 56 75 55 25 23 41 22 67 39 15 43 38 


////////// vrp_101_14_1:1061.2
1: 0 27 1 69 50 76 70 31 30 
2: 0 53 28 26 40 12 77 58 
3: 80 68 3 79 24 29 
4: 0 33 81 51 78 34 9 35 20 
5: 0 10 66 71 65 32 90 
6: 0 88 63 11 62 64 49 19 7 
7: 0 18 48 82 47 8 46 36 
8: 0 89 83 60 84 5 45 99 96 6 17 
9: 0 93 16 61 91 85 98 
10: 0 97 100 37 92 59 44 14 42 
11: 0 13 95 94 87 57 2 
12: 0 52 21 73 72 74 86 
13: 0 4 56 75 55 25 23 41 22 67 39 15 43 38 


////////// vrp_101_14_2:1061.1
1: 0 10 5 1 54 150 7 8 50 3 56 9 53 64 2 61 52 63 6 4 
2: 0 74 77 55 57 62 60 72 75 51 139 148 80 71 145 59 58 
3: 0 149 140 144 142 138 137 
4: 0 147 
5: 0 97 96 93 98 
6: 0 94 95 47 49 35 
7: 30 31 29 
8: 0 73 103 107 104 105 99 100 101 106 102 79 76 
9: 78 0 23 
10: 0 21 26 13 22 11 27 12 14 16 24 17 19 20 18 15 25 117 
11: 0 112 120 109 108 116 111 114 115 119 110 
12: 0 46 113 118 92 88 86 90 89 91 68 70 67 69
 66 65 85 81 40 82 87 
13: 0 44 83 123 127 124 122 132 129 84 130 125 128 131 
126 121 48 45 33 34 42 38 43 41 37 36 32 39 134 133 135 136 


////////// vrp_151_14_3:3603.27
1: 0 146 1 6 14 2 13 150 12 11 15 16 
2: 0 145 143 148 141 138 139 144 140 149 
3: 0 80 147 142 84 89 92 79 78 83 77 76 85 82 81 
4: 0 137 87 90 88 75 91 86 93 94 
5: 0 107 96 95 5 110 102 111 
6: 0 106 97 100 104 108 98 101 99 109 103 105 112 7 8 4 10 
7: 0 52 51 58 57 53 56 54 62 63 59 
8: 0 61 60 55 136 129 27 36 18 34 64 
9: 0 25 37 29 24 23 132 135 30 32 31 
10: 33 19 
11: 0 21 26 35 20 22 134 118 130 131 133 
12: 0 120 127 124 119 
13: 0 121 114 117 122 116 128 
14: 0 126 113 67 72 69 71 65 74 66 70 68 39
 41 46 44 43 45 50 42 47 49 38 40 48 3 9 17 73 


////////// vrp_151_15_1:2709.1
1: 0 11 1 8 2 
2: 0 12 6 14 4 13 5 9 10 15 3 7 


////////// vrp_16_3_1:296.641
1: 0 11 1 8 
2: 0 2 3 
3: 0 5 9 10 
4: 0 12 4 13 15 6 14 7 


////////// vrp_16_5_1:324.979
1: 0 111 167 1 176 132 69 101 162 50 102 122 70 157 
2: 0 127 31 190 88 148 10 189 159 182 
3: 0 106 108 62 11 175 123 19 107 7 194 126 63 90 
4: 0 18 124 47 46 82 48 168 8 114 153 174 36 199 
5: 0 52 143 49 64 181 45 125 83 60 32 131 166 
6: 0 89 118 5 84 173 104 99 147 6 96 93 
7: 0 94 92 151 98 37 95 59 117 97 100 85 
8: 13 183 112 156 0 152 58 53 87 137 146 
9: 0 27 26 105 40 180 21 154 138 149 195 28 
10: 0 12 177 109 150 80 68 76 184 
11: 0 179 110 198 130 54 155 4 165 55 197 72 134 
12: 0 2 74 171 75 22 133 115 178 145 41 57 56 186 73 
13: 0 144 172 42 15 43 142 193 91 192 119 14 191 141 44 61 
14: 0 30 16 86 113 17 140 38 23 139 187 
15: 39 170 25 67 163 24 121 29 158 3 129 79 185 33 78 169 
81 34 164 120 9 51 0 135 35 103 161 20 188 71 136 65 128 160 66 


////////// vrp_200_16_1:1529.1
1: 0 111 167 1 176 132 69 101 162 50 102 122 70 157 
2: 0 127 31 190 88 148 10 189 159 182 
3: 0 106 108 62 11 175 123 19 107 7 194 126 63 90 
4: 0 18 124 47 46 82 48 168 8 114 153 174 36 199 
5: 0 52 143 49 64 181 45 125 83 60 32 131 166 
6: 0 89 118 5 84 173 104 99 147 6 96 93 
7: 0 94 92 151 98 37 95 59 117 97 100 85 
8: 13 183 112 156 0 152 58 53 87 137 146 
9: 0 27 26 105 40 180 21 154 138 149 195 28 
10: 0 12 177 109 150 80 68 76 184 
11: 0 179 110 198 130 54 155 4 165 55 197 72 134 
12: 0 2 74 171 75 22 133 115 178 145 41 57 56 186 73 
13: 0 144 172 42 15 43 142 193 91 192 119 14 191 141 44 61 
14: 0 30 16 86 113 17 140 38 23 139 187 
15: 39 170 25 67 163 24 121 29 158 3 169 129 185 0 79 
16: 78 34 164 81 33 120 9 135 35 51 0 103 161 71 136 65 20 188 128 160 66 

////////// vrp_200_17_1:1385.65
1: 0 195 66 1 191 158 192 196 197 136 194 198 53 199 
2: 0 104 184 43 190 160 115 90 41 23 42 143 
3: 0 186 68 113 91 142 185 62 89 137 141 22 93 183 116 
4: 0 86 114 156 94 140 64 28 101 121 82 173 21 174 172 
5: 112 193 33 105 157 2 96 152 0 61 
6: 0 6 95 126 188 151 54 139 127 60 17 87 4 
7: 0 16 117 159 67 182 49 3 55 44 181 63 106 107 
8: 0 147 74 144 24 145 73 146 18 72 
9: 0 76 32 97 187 161 9 40 130 118 
10: 0 12 39 109 189 57 75 169 129 50 162 10 110 80 131 
11: 0 81 71 150 100 26 77 119 38 7 51 168 149 132 52 
12: 0 35 108 69 11 170 180 14 177 84 134 
13: 0 46 133 19 78 178 128 70 85 102 8 176 167 
14: 0 111 65 34 175 179 99 58 45 13 83 153 27 
15: 125 98 29 48 59 79 5 103 171 120 
16: 0 47 155 36 88 37 138 122 15 154 124 20 166 165 164 
56 25 31 163 135 92 148 123 


////////// vrp_200_17_2:1487.72
1: 0 17 2 1 6 
2: 0 12 10 19 16 18 11 
3: 0 8 13 14 4 15 3 9 7 5 20 
////////// vrp_21_4_1:332.247
1: 0 6 1 2 5 7 3 
2: 0 13 4 8 10 9 11 
3: 0 14 15 12 16 18 20 17 19 21 
////////// vrp_22_4_1:441.648
1: 0 20 13 1 61 80 25 73 22 85 140 82 133 
2: 27 86 32 7 31 87 0 145 200 121 26 
3: 0 30 91 150 201 90 141 151 92 122 62 81 
4: 0 146 152 67 147 127 212 206 210 211 205 
5: 0 142 207 187 181 193 182 208 202 143 
6: 0 93 213 154 153 94 214 155 68 95 148 
7: 0 34 8 100 40 99 35 158 39 98 149 160 159 
8: 0 89 183 209 123 156 218 216 161 101 63 
9: 0 29 28 38 3 96 41 36 42 102 33 88 
10: 0 21 23 37 44 2 4 12 240 53 
11: 0 46 97 64 47 106 48 157 104 49 124 164 
12: 0 43 107 166 217 9 103 167 108 226 69 
13: 0 50 184 224 169 229 109 110 51 170 111 230 
14: 0 162 227 168 228 129 163 222 223 189 221 
15: 0 10 171 70 176 130 231 116 175 
16: 0 114 235 234 185 174 225 115 56 190 236 165 
17: 0 57 125 172 117 232 177 112 105 54 58 65 
18: 0 45 55 5 52 118 59 237 178 16 15 
19: 0 74 76 11 119 75 134 71 136 135 173 179 
20: 0 113 180 233 120 132 194 192 137 77 60 
21: 0 14 72 17 18 19 78 24 83 6 84 79 138 197 195 
196 66 139 198 131 239 238 144 203 126 204 199
 191 219 220 128 215 188 186 


////////// vrp_241_22_1:816.123
1: 0 2 13 1 15 
2: 12 252 31 11 0 
3: 33 32 61 60 95 59 96 58 0 
4: 0 14 62 34 35 36 63 65 98 
5: 0 139 97 141 140 191 142 143 194 193 192 100 99 195 251 
6: 0 57 94 138 190 137 189 249 188 93 136 250 92 
7: 0 29 90 56 55 91 89 54 132 
8: 0 131 134 133 183 135 182 181 240 184 185 242 241 186 187 
9: 0 88 243 244 245 246 247 248 239 238 180 179 130 237 129 
10: 0 27 53 87 86 128 52 85 28 
11: 0 51 177 178 236 127 126 235 234 176 84 175 233 125 
12: 49 83 82 50 0 124 174 81 122 48 
13: 0 7 25 24 23 47 
14: 0 46 120 80 79 121 169 119 167 118 78 168 
15: 0 6 21 22 45 
16: 0 5 20 4 
17: 0 3 18 17 16 39 
18: 0 19 41 43 40 44 42 75 
19: 0 69 70 71 108 72 109 110 155 73 154 74 
20: 0 107 157 156 210 111 112 209 208 211 212 158 113 153 159 
21: 0 68 207 206 152 151 106 205 150 105 204 67 104 203 
22: 0 38 37 66 103 64 102 149 148 
23: 10 9 
24: 26 0 30 76 77 117 123 170 166 116 
25: 0 165 172 173 231 232 171 227 230 229 228 226 225 224 223 222 221 
26: 0 115 220 164 163 219 218 162 114 161 217 160 216 
215 214 213 202 201 147 101 146 144 196 145 200 197 198 199 


////////// vrp_253_27_1:1090.03
1: 0 205 1 229 139 202 71 231 232 31 68 142 
2: 0 209 155 108 244 70 99 154 76 115 
3: 145 100 81 4 138 21 186 0 252 234 
4: 0 261 33 72 19 185 79 211 90 5 133 61 
5: 0 207 191 30 12 49 18 255 137 124 166 
6: 0 195 204 198 73 173 260 27 96 112 217 83 228 53 54 
7: 0 183 65 206 36 220 150 
8: 0 2 230 26 170 148 9 153 189 58 
9: 0 64 114 251 101 193 125 13 167 203 57 89 
10: 0 224 248 121 106 214 131 238 11 241 235 
11: 0 163 69 177 82 157 249 62 237 
12: 43 223 122 225 0 38 242 39 56 146 135 254 84 
13: 0 102 15 219 233 176 52 243 75 162 136 
14: 0 169 59 181 171 132 67 226 
15: 0 105 97 51 29 227 20 109 110 60 41 210 
16: 0 245 158 134 159 147 178 92 
17: 0 168 201 78 32 24 40 127 17 258 175 47 55 
18: 0 16 66 113 103 80 194 197 42 10 118 123 
19: 0 190 3 8 6 116 126 215 213 74 104 141 
20: 0 165 25 37 44 199 222 85 22 120 111 236 257 23 250 208 
21: 0 253 196 48 174 143 128 14 117 98 
22: 0 200 179 161 46 216 93 187 63 180 
23: 0 152 45 212 91 77 107 240 50 88 144 192 
24: 0 172 151 94 149 86 247 218 184 119 259 239 35 156 28 182 95 34 87 160 7 188 256 246 164 140 221 129 130 
////////// vrp_262_25_1:6121.03
1: 0 20 13 1 61 80 25 73 22 85 140 82 133 
2: 27 86 32 7 31 87 0 145 200 121 26 
3: 0 30 91 150 201 90 141 151 92 122 62 81 
4: 0 146 152 67 147 127 212 206 210 211 205 
5: 0 260 207 266 187 267 272 265 271 270 241 
6: 0 181 182 247 261 242 273 262 
7: 0 83 253 202 193 142 143 84 203 144 66 
8: 0 23 6 79 19 78 24 137 18 77 132 139 138 
9: 0 72 192 180 120 173 197 252 233 134 60 
10: 0 53 74 15 113 14 75 16 300 17 11 59 
11: 0 58 76 135 119 178 71 136 179 195 118 194 
12: 0 12 240 293 254 257 198 131 239 196 255 
13: 0 177 238 297 237 292 298 191 245 232 
14: 0 114 225 174 285 234 165 172 117 115 185 125 
15: 175 116 176 70 235 171 111 10 51 0 56 
16: 0 45 55 54 105 65 5 52 50 110 112 
17: 44 4 49 104 109 164 37 64 97 46 169 
18: 0 47 124 157 106 217 166 184 107 48 229 224 
19: 0 108 226 277 167 227 168 244 284 286 69 
20: 0 41 9 103 43 102 42 101 161 216 156 163 162 96 
21: 0 123 221 276 183 209 222 281 243 269 
22: 0 98 218 159 158 99 219 278 160 68 100 149 
23: 0 34 8 95 40 39 35 94 153 93 148 155 154 
24: 0 21 208 213 268 88 33 2 28 214 128 38 89 
25: 0 29 3 36 63 129 223 220 215 170 
26: 0 279 280 248 188 275 274 283 282 
27: 0 230 189 288 228 287 249 289 290 231 130 291 190 
250 296 236 294 295 299 256 126 204 199 258 263 251 186 264 259 246 


////////// vrp_301_28_1:1109.56
1: 0 3 24 25 6 1 4 5 29 
2: 0 19 2 22 20 27 26 28 
3: 0 21 23 18 14 8 10 11 12 9 17 15 13 16 7 

////////// vrp_30_4_1:553.689
1: 0 2 13 1 15 
2: 12 320 31 11 0 
3: 60 32 33 61 34 95 59 96 
4: 0 30 94 58 57 29 93 
5: 0 9 28 10 27 
6: 54 55 53 88 87 89 56 
7: 0 86 129 130 131 180 181 239 179 237 128 132 238 90 
8: 0 85 236 178 177 235 234 301 127 302 176 303 126 304 300 
9: 0 24 83 84 50 51 125 49 82 
10: 0 81 174 175 233 124 123 232 231 298 173 299 122 172 297 
11: 0 121 170 171 227 228 229 292 226 225 290 169 291 289 296 230 293 
12: 0 79 120 168 224 167 223 287 222 119 80 288 166 118 
13: 0 22 46 78 77 117 47 45 76 
14: 0 7 48 23 25 
15: 21 5 
16: 0 8 26 3 
17: 0 4 20 18 17 
18: 0 19 43 41 44 40 42 75 
19: 0 39 72 71 70 109 108 110 69 73 155 
20: 0 74 113 114 112 161 115 163 116 111 162 164 160 
21: 0 154 156 157 158 211 212 274 213 210 272 209 273 159 271 215 275 
22: 0 221 217 216 280 279 278 281 282 214 218 283 276 219 220 284 277 285 
23: 0 16 165 286 107 106 68 38 37 208 153 
24: 0 14 105 67 66 36 104 151 65 152 
25: 0 35 64 63 102 100 62 98 103 99 97 101 
26: 0 150 148 149 203 202 201 264 204 147 265 205 266 267 146 145 263 
27: 0 142 207 206 268 269 270 262 200 199 198 197 261 143 144 196 259 195 
28: 0 139 257 258 260 256 255 194 254 253 193 192 141 252 251 140 319 191 
29: 0 138 92 250 318 317 249 189 248 190 316 188 137 136 187 315 247 246
 314 135 91 134 186 185 313 245 244 133 183 184 242 312 310 243 311 182
 240 241 307 309 308 306 305 295 294 

////////// vrp_321_30_1:1332.63
1: 0 1 3 7 4 
2: 0 323 6 2 5 11 
3: 0 10 16 15 9 22 23 21 17 14 
4: 0 24 38 30 39 29 31 48 47 49 40 37 
5: 0 50 59 70 71 58 60 83 96 97 84 82 72 61 69 111 
6: 0 28 46 57 68 81 95 94 56 67 45 36 80 35 109 27 93 108 110 55 
7: 0 44 66 79 92 107 123 122 78 65 91 54 106 139 156 157 77 90 121 105 140 138 137 141 124 125 158 
8: 0 175 104 120 136 154 171 172 119 135 153 188 204 203 173 155 170 152 189 187 
190 174 205 218 232 219 206 191 220 233 245 221 207 234 246 
9: 0 126 176 192 208 222 235 236 193 177 209 159 223 248 259 260 194 178 210 142 
237 247 224 160 143 249 250 
10: 0 225 269 258 268 257 278 287 279 270 288 295 280 289 271 261 281 296 302 308 
272 262 282 303 297 304 290 251 238 309 313 298 273 291 314 
11: 0 195 274 263 252 239 226 283 292 264 253 275 240 284 211 212 265 254 276 
299 306 305 227 293 300 241 285 196 213 301 228 307 
12: 0 113 180 197 181 198 182 214 163 146 145 164 162 179 130 129 128 199 215 183 242 229 147 144 165 161 114 
13: 0 115 267 255 256 243 244 277 266 286 230 216 294 200 184 231 201 217 202 
167 166 148 149 185 132 133 131 116 117 168 186 312 311 150 151 169 
14: 0 51 88 101 87 100 86 102 89 75 64 63 76 74 52 99 53 43 103 118 62 73 85 
15: 0 8 20 33 42 41 32 26 34 19 25 18 13 12 98 112 127 134 310 315 316 319 318 321 320 317 322 

////////// vrp_324_16_1:1285.37
1: 0 5 1 27 26 17 25 29 28 6 
2: 0 15 30 3 11 9 10 8 7 21 20 24 22 18 31 12 19 23 14 4 16 32 13 2 
////////// vrp_33_3_1:3753.83
1: 0 2 1 13 14 15 31 17 11 12 
2: 0 3 8 9 6 7 5 18 19 21 32 10 
3: 0 4 25 26 27 22 20 24 23 29 28 16 30 
////////// vrp_33_4_1:806.028
1: 0 2 1 13 14 15 31 17 11 12 
2: 0 3 8 9 6 7 5 18 19 21 32 10 
3: 0 26 27 22 25 
4: 24 23 20 16 28 29 30 4 0 
////////// vrp_33_5_1:1040.76
1: 0 20 13 1 61 80 25 73 22 85 140 82 133 
2: 27 86 32 7 31 87 0 145 200 121 26 
3: 0 30 91 150 201 90 141 151 92 122 62 81 
4: 0 146 152 67 147 127 212 206 210 211 205 
5: 0 260 207 266 187 267 272 265 320 326 271 270 325 
6: 0 142 241 301 253 202 181 313 262 193 
7: 0 24 143 84 144 66 203 139 83 6 79 
8: 0 23 17 18 77 132 137 192 72 138 60 78 19 
9: 0 14 120 173 180 74 233 134 113 15 75 
10: 0 12 53 360 16 59 52 5 58 57 112 
11: 0 117 11 76 119 118 177 71 136 178 135 
12: 0 232 179 238 131 239 298 237 292 195 196 194 297 352 
13: 0 254 191 299 256 255 314 251 315 358 357 
14: 0 293 316 311 359 353 300 240 312 
15: 0 234 305 345 294 245 285 235 295 354 
16: 0 114 185 225 174 125 172 165 115 175 
17: 0 44 65 105 54 45 55 56 51 10 50 116 
18: 0 37 49 104 64 4 109 164 97 46 124 
19: 0 47 157 106 166 217 107 48 184 224 169 9 
20: 0 42 108 167 69 168 163 103 162 43 102 226 
21: 0 277 227 286 337 129 228 287 244 222 223 
22: 0 281 189 288 283 282 341 249 342 347 346 
23: 0 221 343 309 348 303 336 276 243 329 
24: 0 170 304 344 289 349 284 229 230 171 290 231 350 
25: 0 110 130 236 176 70 111 291 190 296 
26: 0 36 355 356 250 351 310 41 96 101 
27: 0 29 3 89 38 63 156 149 98 39 
28: 0 123 216 161 209 158 183 99 159 40 218 269 
29: 0 34 100 8 95 154 68 160 155 35 94 
30: 0 214 219 278 220 128 215 279 338 188 280 
31: 0 213 274 333 275 334 248 273 328 302 268 
32: 0 21 242 261 182 208 321 153 148 93 330 331 
88 33 2 28 247 332 327 307 335 308 339 340 322 263 
126 204 197 252 198 257 199 186 264 323 258 317 259 
318 246 319 324 306 
////////// vrp_361_33_1:1412.86
1: 0 33 22 1 23 
2: 0 6 16 3 
3: 0 26 17 12 
4: 0 32 9 
5: 25 18 
6: 0 10 11 
7: 0 34 7 35 8 
8: 0 13 19 14 
9: 0 4 27 29 
10: 0 30 24 5 15 20 2 21 28 
////////// vrp_36_11_1:461.293
1: 0 266 1 379 265 260 374 
2: 0 261 259 253 247 254 245 246 242 
3: 0 244 243 239 240 248 241 252 251 238 237 250 
4: 0 256 235 234 233 232 236 249 
5: 0 228 231 230 3 225 229 224 223 226 
6: 0 222 351 221 350 
7: 0 227 353 
8: 0 255 354 356 355 352 380 
9: 0 264 257 258 280 282 279 281 
10: 0 287 278 320 263 277 276 262 285 286 
11: 0 295 275 288 
12: 0 302 294 321 
13: 0 309 303 307 305 292 
14: 0 310 
15: 0 314 315 
16: 0 311 
17: 0 317 
18: 0 372 316 
19: 0 313 312 
20: 0 308 91 92 306 304 290 
21: 0 87 88 84 86 99 100 89 
22: 0 293 289 319 85 291 54 283 284 53 83 82 56 52 55 93 96 51 187 90 
23: 0 95 101 188 376 125 98 102 104 126 129 124 105 132 128 97 
24: 0 133 371 130 123 122 107 108 
25: 0 136 127 134 131 2 135 141 145 140 142 
26: 0 173 144 143 152 153 151 121 168 167 171 170 381 172 150 149 169 154 
166 174 164 165 146 114 175 177 163 162 148 155 176 
27: 0 138 139 137 181 180 
28: 0 299 
29: 0 318 
30: 0 94 
31: 0 322 301 
32: 0 297 296 298 274 273 
33: 0 272 271 270 267 300 
34: 0 378 268 337 335 338 
35: 0 334 336 333 
36: 0 330 329 
37: 0 332 
38: 0 331 328 
39: 0 327 326 324 325 323 363 
40: 0 364 361 362 359 
41: 0 360 
42: 0 358 382 
43: 0 346 357 375 383 347 
44: 0 345 348 349 342 341 343 208 367 202 340 339 344 189 209 205 185 186 211 
212 190 210 215 365 218 203 
45: 0 269 182 183 179 178 193 184 
46: 0 81 194 199 191 196 195 192 206 204 200 207 197 201 213 214 161 157 366 198
 156 160 159 373 216 217 147 116 368 158 115 118 5 117 4 219 220 113 112 369 109 
110 111 119 6 120 26 32 33 28 27 67 66 9 8 10 11 70 71 370 377 68 106 72 25 24 14 
65 64 30 21 20 69 29 16 13 103 12 31 15 34 35 62 63 18 19 74 75 23 22 73 17 80 61 
60 36 41 37 39 76 77 79 57 59 58 38 78 46 47 42 44 43 40 45 384 48 50 49 385 7 
////////// vrp_386_47_1:32506.7
1: 0 2 13 1 15 
2: 12 396 31 11 0 
3: 0 9 30 10 28 
4: 0 29 55 57 58 54 56 
5: 0 8 53 27 26 52 
6: 0 7 51 25 24 23 
7: 49 50 84 85 48 0 83 126 81 80 
8: 128 86 127 129 87 88 130 178 177 179 176 180 
9: 0 89 90 131 132 133 182 91 181 92 93 183 
10: 239 238 305 240 304 237 306 380 307 241 379 303 378 242 184 0 381 377 236 
11: 0 134 382 308 309 243 185 244 383 384 310 245 246 311 385 186 312 313 
12: 0 135 386 387 388 389 390 314 391 315 247 187 248 392 316 188 393 317 249 
13: 0 95 136 137 189 190 138 191 94 250 318 251 139 
14: 60 32 33 34 96 61 97 140 
15: 0 14 98 62 63 35 99 142 64 141 
16: 0 38 66 36 37 67 65 104 105 68 
17: 0 103 102 149 150 148 147 202 203 101 151 205 100 204 201 
18: 0 39 152 106 107 153 154 207 69 108 206 70 
19: 0 17 18 40 19 41 71 
20: 0 44 74 42 75 43 73 72 110 114 
21: 0 77 163 115 116 76 162 218 161 164 220 117 219 113 
22: 0 78 221 165 166 222 286 223 118 285 167 284 119 283 287 
23: 0 22 79 47 46 120 168 121 45 
24: 20 21 
25: 0 3 4 16 109 111 
26: 0 155 156 209 208 210 272 211 157 271 273 270 269 340 158 341 112 342 
27: 0 160 274 212 213 159 275 276 345 344 214 215 216 279 343 278 277 217 346 
28: 0 224 339 281 280 352 351 350 353 354 282 349 348 355 356 347 357 358 359 360 288 
29: 0 122 225 289 361 290 362 363 226 170 227 169 291 171 172 292 364 228 
30: 0 82 173 123 124 174 232 175 231 125 230 229 297 298 233 
31: 0 235 295 296 370 371 372 369 368 294 293 299 373 300 366 367 365 234 374 301 
32: 0 143 375 376 302 192 252 193 319 395 394 253 194 321 254 320 195 144 322 
33: 0 145 268 323 255 256 196 197 324 325 257 258 198 199 326 146 259 327 200 
262 260 261 328 329 263 264 333 330 331 332 265 334 335 266 336 267 337 338 
////////// vrp_397_34_1:1711.82
1: 0 1 3 7 4 
2: 0 399 6 2 5 11 
3: 0 10 16 15 9 22 23 21 17 14 
4: 0 24 38 30 39 29 31 48 58 47 49 37 
5: 0 18 32 40 50 41 33 51 60 71 72 59 61 25 
6: 0 13 34 42 52 26 19 62 73 74 43 53 63 86 100 75 85 87 64 
7: 0 84 114 99 113 98 129 146 145 130 128 115 112 97 127 101 144 147 162 164 131 88 163 
8: 0 57 96 83 70 82 111 126 110 95 81 109 69 143 161 94 68 125 142 
9: 0 124 179 160 178 159 198 217 218 199 197 141 180 200 177 196 236 253 158 140 216 219 235 237 181 
10: 0 93 195 176 157 175 156 194 215 234 233 214 139 123 108 107 251 268 267 174 193 155 232 122 252 138 250 213 106 249 121 
11: 0 254 285 269 284 270 299 312 313 298 300 283 297 286 271 301 325 336 337 314 311 326 324 282 255 272 287 327 323 310 338 315 335 
12: 0 328 356 347 357 348 358 346 355 365 373 372 366 364 367 345 334 379 385 384 349 359 339 371 374 378 380 363 354 344 381 375 386 350 390 368 322 387 333 389 
13: 0 256 351 340 329 360 369 341 352 330 316 302 303 361 317 342 353 331 288 273 376 383 382 370 304 362 289 274 318 377 290 305 388 392 343 332 257 319 275 
14: 0 116 238 220 239 221 201 240 258 222 182 202 241 203 183 165 184 259 223 291 276 306 242 224 260 204 148 166 185 292 132 205 277 243 
15: 0 76 320 307 293 278 261 244 262 225 206 245 226 186 227 207 188 187 167 168 208 149 150 133 134 169 151 117 102 118 103 89 391 395 397 394 396 398 
16: 0 92 393 321 309 296 295 281 308 266 294 280 265 279 264 247 248 231 263 230 212 246 229 211 191 192 172 173 228 210 190 154 137 209 171 153 136 120 189 170 
17: 0 8 91 105 90 104 119 77 65 78 66 135 152 79 67 54 55 44 35 80 45 56 27 36 46 28 20 12 
////////// vrp_400_18_1:1620.79
1: 0 33 22 1 
2: 0 16 24 23 
3: 0 3 32 
4: 0 12 40 
5: 0 26 
6: 0 4 34 
7: 0 30 2 
8: 0 27 29 5 15 
9: 0 8 35 19 13 
10: 0 7 14 
11: 0 11 
12: 0 10 38 
13: 0 39 9 25 31 18 21 28 36 37 20 
////////// vrp_41_14_1:690.268
1: 0 20 13 1 61 80 25 73 22 85 140 82 133 
2: 27 86 32 7 31 87 0 145 200 121 26 
3: 0 30 91 150 201 90 141 151 92 122 62 81 
4: 0 146 152 67 147 127 207 206 210 211 205 
5: 0 261 212 271 187 272 267 270 321 331 266 265 330 381 
6: 0 153 242 302 268 213 182 328 273 208 
7: 0 35 154 95 155 68 214 160 94 8 100 
8: 0 21 148 93 34 88 33 2 28 40 99 39 38 98 
9: 0 29 36 89 63 3 149 123 96 41 156 
10: 0 42 101 102 43 161 216 9 48 103 183 209 
11: 0 108 162 221 276 69 163 222 168 129 167 
12: 0 218 281 336 282 223 303 243 341 396 329 278 269 
13: 0 227 189 288 228 287 249 283 342 347 
14: 0 244 346 397 337 286 304 364 406 404 344 
15: 0 157 277 226 184 217 166 284 229 224 169 107 124 
16: 0 37 44 106 47 97 46 64 104 164 109 4 49 
17: 0 54 110 51 56 115 10 111 116 55 114 105 
18: 0 45 5 52 65 112 165 57 172 117 58 
19: 0 125 232 177 225 174 185 118 59 237 292 234 285 
20: 0 16 178 119 179 71 238 136 11 76 
21: 0 135 131 239 196 195 191 298 255 297 
22: 0 180 254 353 293 194 300 312 240 314 413 
23: 0 132 252 197 192 137 138 79 257 198 139 233 120 78 
24: 0 420 134 75 173 74 15 60 113 14 77 72 
25: 17 12 19 18 24 23 83 6 84 142 
26: 0 193 66 144 143 202 203 262 253 199 126 204 
27: 0 181 260 241 313 301 263 322 325 320 
28: 0 186 373 361 382 323 264 380 385 246 
29: 0 258 324 383 306 384 379 319 378 259 318 377 
30: 366 317 372 360 315 374 375 386 326 
31: 0 352 256 251 299 358 316 359 357 412 311 418 
32: 0 245 417 365 305 345 405 354 414 419 294 
33: 0 236 355 296 356 250 415 351 295 291 190 
34: 0 70 130 231 290 230 289 171 176 235 
35: 0 158 350 409 159 410 310 348 349 
36: 0 219 220 128 279 215 274 188 280 338 389 
37: 0 333 334 275 393 248 340 388 335 394 339 
38: 0 362 308 400 399 398 368 395 
39: 0 363 401 402 343 309 403 407 408 
40: 0 369 390 391 332 247 327 392 307 367 376 371 387 
////////// vrp_421_41_1:2078
1: 0 24 1 15 9 2 16 10 21 20 37 38 
2: 0 8 17 18 11 12 19 25 36 42 43 14 13 
3: 0 44 30 41 39 40 34 31 32 33 28 3 4 5 6 29 27 26 22 23 35 7 
////////// vrp_45_4_1:630.413
1: 0 2 13 1 15 
2: 12 480 31 11 0 
3: 60 32 33 61 34 95 59 96 
4: 0 30 94 58 57 93 29 
5: 0 9 28 10 27 
6: 54 55 53 88 87 89 56 
7: 0 86 131 130 129 180 179 237 181 239 128 132 238 90 
8: 0 91 240 182 183 133 241 242 307 184 306 134 135 305 304 308 
9: 379 380 381 462 461 460 463 464 378 382 459 377 383 309 465 243 376 384 310 0 
10: 0 178 458 457 375 301 374 456 300 455 235 373 234 233 299 298 454 177 372 236 
11: 0 85 175 176 126 127 125 124 83 174 84 232 82 
12: 0 122 231 173 123 172 171 170 227 230 296 229 228 297 295 226 
13: 0 225 293 292 291 364 365 445 366 363 362 443 294 290 444 289 368 369 361 446 442 
14: 0 81 447 367 449 450 451 448 370 452 371 453 441 440 169 121 360 288 224 168 
15: 0 166 287 359 439 358 286 222 285 438 437 223 357 284 167 356 436 220 221 
16: 164 165 117 118 116 163 119 219 115 76 77 0 78 
17: 0 114 282 283 355 354 353 434 218 162 217 281 435 161 160 280 352 216 433 
18: 0 112 432 431 351 279 350 430 278 214 277 429 215 349 213 428 159 348 347 276 
19: 0 157 427 426 425 424 346 345 423 344 275 274 422 212 158 211 421 343 273 420 342 
20: 0 109 210 272 271 341 419 340 209 155 208 156 270 418 110 269 154 
21: 0 41 111 73 72 42 71 113 74 108 75 
22: 0 18 40 70 69 107 39 68 19 
23: 0 67 152 153 207 106 206 205 268 151 339 105 267 150 204 
24: 37 38 66 36 
25: 5 0 
26: 20 21 44 43 45 
27: 0 6 23 7 
28: 0 8 25 26 24 51 
29: 0 46 50 49 48 47 79 80 120 
30: 0 139 92 136 137 188 138 190 189 249 187 186 248 247 
31: 0 97 251 191 140 250 318 192 193 252 319 141 194 317 395 142 253 
32: 0 254 393 394 478 479 396 477 476 320 392 316 315 321 391 397 398 475 390 322 314 474 
33: 0 185 246 245 313 389 312 244 311 388 387 472 473 385 471 470 386 466 467 468 469 
34: 0 35 62 98 63 99 143 195 144 100 64 196 
35: 0 14 65 103 102 101 148 104 149 147 203 145 
36: 0 202 201 264 265 263 262 333 200 334 146 266 336 335 199 412 198 411 332 
37: 0 255 260 261 331 259 258 327 330 329 408 328 409 410 326 407 406 197 257 404 403 405 325 401 324 402 256 400 413 414 323 399 337 415 338 416 417 
////////// vrp_481_38_1:2194.61
1: 0 1 3 7 4 
2: 0 483 6 2 5 11 
3: 0 10 16 15 9 22 23 21 17 14 
4: 0 24 38 30 39 29 48 31 49 47 40 37 
5: 0 59 58 70 69 57 82 95 96 83 81 46 56 71 68 60 110 
6: 0 20 28 36 27 45 35 44 55 67 79 80 66 54 94 93 109 108 78 92 65 
7: 0 125 123 107 122 106 121 91 139 157 156 138 140 124 141 175 194 195 105 155 158 174 77 137 176 120 90 173 177 
8: 0 142 216 196 217 238 260 259 197 218 178 239 237 215 280 300 299 198 179 258 261 240 236 279 160 281 214 159 
9: 241 219 199 220 200 242 262 282 283 180 263 161 143 144 221 243 302 162 284 301 181 264 303 127 0 126 
10: 0 304 338 320 337 321 319 354 370 369 355 353 339 336 318 352 322 384 398 397 371 368 356 383 385 335 340 323 386 382 367 396 372 399 410 
11: 0 193 334 317 298 351 366 316 297 333 278 350 381 394 395 315 296 332 365 257 380 349 277 379 235 364 393 256 314 331 295 407 418 419 406 408 348 276 392 213 234 409 
12: 0 172 378 363 405 417 347 330 313 294 428 438 312 275 254 255 293 429 439 274 233 232 212 447 273 253 430 440 210 420 211 455 252 192 448 231 191 431 190 230 462 171 421 209 456 449 
13: 0 72 189 170 152 135 153 136 119 154 104 111 97 112 128 98 84 113 85 422 432 411 145 201 457 463 450 441 
14: 0 86 182 163 146 129 114 164 147 183 130 202 222 99 100 165 184 148 115 223 244 266 203 131 265 101 245 87 
15: 0 132 204 224 246 225 247 205 267 288 287 185 268 166 307 325 326 226 248 206 286 305 167 289 149 306 186 269 308 309 150 290 327 324 133 285 168 227 
16: 0 42 116 102 88 76 75 117 103 89 64 53 118 134 74 62 63 43 73 61 52 51 187 151 
17: 0 8 34 26 33 41 25 19 18 32 13 50 
18: 0 12 169 188 207 228 341 357 358 208 249 270 271 342 359 343 360 250 229 251 344 361 291 311 373 387 388 310 328 374 345 362 375 272 292 329 346 389 376 400 401 413 414 390 402 377 412 403 416 391 404 415 427 423 424 434 425 436 426 433 435 437 443 451 444 442 445 446 453 454 459 465 460 452 458 461 467 464 471 475 472 466 470 469 473 468 474 477 479 481 478 480 482 476 
////////// vrp_484_19_1:2012.2
1: 0 23 9 1 8 22 16 39 15 37 30 3 45 12 11 
2: 0 13 32 20 35 18 27 43 7 46 21 6 36 42 29 
3: 0 14 19 26 17 38 31 33 40 47 5 28 2 24 10 41 44 34 25 4 
////////// vrp_48_4_1:39815.9
1: 0 46 1 32 27 8 48 11 2 22 28 
2: 0 47 23 7 24 18 14 6 
3: 0 12 25 13 43 41 4 17 19 37 
4: 0 5 42 44 40 15 45 33 10 39 49 9 38 50 30 34 16 21 29 26 31 20 3 35 36 
////////// vrp_51_5_1:922.659
1: 0 1 2 3 
2: 0 4 
////////// vrp_5_4_1:76.56
1: 0 11 1 13 15 
2: 19 2 14 18 17 16 12 33 36 35 60 61 64 62 71 6 63 65 34 0 58 
3: 0 31 32 54 55 56 57 41 59 20 29 24 26 25 23 39 68 66 67 30 21 22 28 69 37 49 51 27 10 5 70 50 38 40 47 48 3 42 44 46 43 8 4 53 45 52 7 9 
////////// vrp_72_4_1:417.108
1: 0 33 1 73 43 41 63 62 22 42 
2: 0 51 23 56 49 24 16 3 44 
3: 0 75 6 68 2 17 4 
4: 74 28 48 29 45 0 30 
5: 0 5 21 47 61 69 36 37 71 15 
6: 0 52 60 70 20 57 13 27 54 
7: 0 67 34 46 8 35 7 26 
8: 14 53 59 11 0 19 
9: 0 12 38 65 10 58 31 72 66 39 9 40 32 25 50 55 18 64 
////////// vrp_76_10_1:1272.63
1: 0 6 1 2 10 5 8 9 
2: 0 15 3 4 7 75 
3: 0 19 16 12 21 27 13 11 23 17 64 65 
4: 0 25 52 66 
5: 0 61 55 57 51 69 53 62 59 49 68 
6: 0 35 56 63 45 43 54 37 42 
7: 0 32 46 34 30 67 58 28 
8: 0 38 48 47 
9: 36 31 39 40 33 41 44 29 60 71 72 50 0 70 14 22 24 20 26 18 73 74 
////////// vrp_76_10_2:2090.31
1: 0 33 73 62 43 1 63 
2: 0 28 22 42 64 61 
3: 0 2 41 56 23 49 16 
4: 0 3 24 18 44 50 
5: 0 40 32 9 
6: 0 12 10 58 25 39 72 
7: 0 38 65 55 31 
8: 0 53 66 11 
9: 0 35 59 14 19 54 
10: 0 34 8 7 46 52 
11: 0 75 26 67 4 
12: 0 68 6 30 51 17 
13: 0 45 29 27 13 5 15 57 74 21 37 20 36 47 69 71 60 70 48 
////////// vrp_76_14_1:1008.01
1: 0 33 73 62 43 1 63 
2: 0 28 22 42 64 61 
3: 0 2 41 56 23 49 16 
4: 0 3 24 18 44 50 
5: 0 40 32 9 
6: 0 12 10 58 25 39 72 
7: 0 38 65 55 31 
8: 0 53 66 11 
9: 0 35 59 14 19 54 
10: 0 34 8 7 46 52 
11: 0 75 26 67 4 
12: 0 68 6 30 51 17 
13: 0 45 29 27 13 5 15 57 74 21 37 20 36 47 69 71 60 70 48 
////////// vrp_76_14_2:1007.08
1: 0 33 73 62 43 1 63 
2: 0 28 22 42 64 61 
3: 0 2 41 56 23 49 16 
4: 0 3 24 18 44 50 
5: 0 40 32 9 
6: 0 12 10 58 25 39 72 
7: 0 38 65 55 31 
8: 0 53 66 11 
9: 0 35 59 14 19 54 
10: 0 34 8 7 46 52 
11: 0 75 26 67 4 
12: 0 68 6 30 51 17 
13: 0 45 29 27 48 5 
14: 0 13 57 15 37 20 47 21 36 69 74 70 60 71 
////////// vrp_76_15_1:913.577
1: 0 2 1 73 43 41 33 63 23 16 22 62 42 28 
2: 0 68 56 49 24 64 3 44 51 6 18 50 32 
3: 0 75 17 40 12 26 67 4 72 39 9 
4: 0 34 46 52 27 8 35 7 13 29 45 19 30 
5: 0 54 57 15 14 53 59 5 37 11 20 
6: 0 74 58 48 47 21 61 69 36 71 60 70 10 38 65 66 25 55 31 
////////// vrp_76_7_1:847.726
1: 0 2 1 73 43 41 33 63 23 16 22 62 42 28 
2: 0 68 56 49 24 64 3 44 51 6 18 50 32 
3: 0 75 17 40 12 26 67 4 72 39 9 
4: 0 34 46 52 27 8 35 7 13 29 45 19 30 
5: 0 54 57 15 14 53 59 5 37 11 20 
6: 0 74 58 48 47 21 61 69 36 71 60 70 10 38 65 66 25 55 31 
////////// vrp_76_7_2:847.726
1: 0 33 1 73 43 41 62 22 42 23 63 16 
2: 0 68 28 74 21 47 2 30 61 48 
3: 0 75 6 51 17 4 26 67 
4: 0 12 40 32 44 9 39 3 72 58 
5: 0 10 50 18 25 55 24 49 31 56 
6: 0 7 38 65 11 66 53 14 
7: 0 34 35 8 46 19 52 27 54 13 59 45 29 57 15 5 37 20 36 71 70 60 69 64 
////////// vrp_76_8_1:1215.71
1: 0 33 1 73 43 41 62 22 42 23 63 16 
2: 0 68 28 74 21 47 2 30 61 48 
3: 0 75 6 51 17 4 26 67 
4: 0 12 40 32 44 9 39 3 72 58 
5: 0 10 50 18 25 55 24 49 31 56 
6: 0 7 38 65 11 66 53 14 
7: 0 34 35 8 46 19 52 27 54 13 59 45 29 57 15 5 37 20 36 71 70 60 69 64 
////////// vrp_76_8_2:1215.71
1: 0 3 7 1 8 73 9 
2: 4 11 14 71 74 10 0 70 
3: 0 6 75 35 5 12 
4: 0 13 69 67 72 68 2 39 50 49 47 
5: 0 40 38 51 45 37 41 
6: 0 43 36 48 42 52 53 
7: 0 44 46 31 32 29 18 15 22 
8: 0 54 21 20 26 17 19 28 24 30 16 25 33 27 34 63 66 62 65 58 55 60 56 61 59 57 64 23 
////////// vrp_76_9_1:1643.51
1: 0 50 1 75 5 53 7 54 3 
2: 0 4 52 63 2 8 57 60 61 64 55 9 51 6 
3: 59 74 58 10 56 0 62 35 
4: 0 72 71 73 
5: 0 47 49 43 37 38 
6: 0 46 44 17 40 19 16 11 
7: 0 21 27 24 13 22 20 18 26 
8: 0 23 69 12 68 70 15 14 25 66 65 48 45 33 41 42 34 39 32 36 30 31 28 29 67 
////////// vrp_76_9_2:1402.08
1: 0 10 1 4 3 9 5 
2: 0 6 2 7 8 
3: 0 71 75 60 72 66 73 61 62 65 67 74 69 59 
4: 0 70 64 68 63 16 11 
5: 0 15 22 20 19 18 
6: 0 57 21 23 12 17 14 13 56 46 47 
7: 0 53 41 42 40 44 58 
8: 0 39 55 49 54 45 52 43 48 51 50 36 33 27 30 34 29 26 24 28 31 25 38 37 35 32 
////////// vrp_76_9_3:1272.88
1: 0 75 1 2 4 3 6 5 7 11 10 8 9 
2: 0 98 96 95 99 100 94 93 97 92 
3: 0 90 91 89 88 87 86 85 84 83 82 
4: 0 67 63 65 62 74 66 69 64 61 72 
5: 0 68 40 41 42 43 44 45 46 55 57 47 59 48 
6: 0 20 49 52 50 51 24 25 22 21 29 27 31 
7: 0 30 32 33 34 36 35 37 38 39 
8: 0 23 28 26 13 17 18 15 19 14 12 
9: 16 0 60 58 81 78 56 53 76 77 79 80 71 70 73 54



